$ 1 0.000005 10.20027730826997 50 5 43 5e-11
r 288 48 288 128 0 270
r 448 48 448 128 0 270
r 624 80 624 176 0 4700
r 624 304 624 368 0 3300
r 464 320 544 320 0 2200
r 464 384 544 384 0 2200
r 512 448 592 448 0 2200
r 624 480 624 544 0 2200
r 368 480 368 560 0 270
r 96 448 96 528 0 50
r 96 256 96 320 0 50
c 752 256 752 304 0 4e-7 6.03277053267599 0.001
c 752 384 752 448 0 4e-7 1.9099126257218966 0.001
c 96 448 176 448 0 0.00001 -2.838960280342886 0.001
c 96 256 176 256 0 1e-7 -5.394041954342855 0.001
r 560 256 624 256 0 2200
w 464 176 448 128 0
w 464 176 480 240 0
w 336 240 464 176 0
w 288 128 288 176 0
w 288 176 272 240 0
w 432 240 288 176 0
w 272 272 304 272 0
w 304 272 336 272 0
w 368 256 400 256 0
w 432 272 464 272 0
w 464 272 480 272 0
w 304 272 320 432 0
w 464 272 432 432 0
w 400 256 400 320 0
w 400 320 464 320 0
c 400 320 400 352 0 1e-7 5.571971753824029 0.001
g 400 352 400 368 0 0
w 512 256 560 256 0
w 512 256 512 288 0
w 512 288 240 288 0
w 240 288 208 256 0
w 176 256 208 256 0
w 176 448 288 448 0
w 288 448 288 384 0
w 288 384 464 384 0
w 464 448 512 448 0
w 544 320 624 304 0
w 544 384 624 368 0
w 624 480 624 368 0
w 592 448 624 480 0
w 624 368 752 384 0
w 320 464 368 480 0
w 368 480 432 464 0
g 368 560 368 592 0 0
g 624 544 624 576 0 0
g 752 448 752 480 0 0
g 96 528 96 544 0 0
g 96 320 96 336 0 0
w 624 304 624 256 0
w 624 256 752 256 0
w 624 176 624 256 0
g 752 304 752 320 0 0
R 288 48 288 16 0 0 40 12 0 0 0.5
R 448 48 448 0 0 0 40 12 0 0 0.5
R 624 80 624 16 0 0 40 12 0 0 0.5
403 -32 -96 224 48 0 19_64_0_4098_20_0.003125_0_2_19_3
403 672 -32 960 144 0 16_64_0_4098_20_0.003125_0_2_16_3
a 160 128 32 128 8 15 -15 1000000 5.271252290604976 5.2712531580865205 100000
r 160 112 240 112 0 1000
r 32 128 32 64 0 1000
r 160 144 240 144 0 1000
r 160 144 160 208 0 1000
w 32 64 160 64 0
w 160 64 160 112 0
g 160 208 160 224 0 0
w 32 128 -16 128 0
403 -336 96 -64 240 0 71_64_0_4099_5_0.00009765625_0_2_71_3
w 240 144 288 128 0
w 240 112 448 128 0
R 96 256 -32 256 0 1 1000 5 0 0 0.5
R 96 448 -32 448 0 1 40 5 0 0 0.5
403 -352 256 -112 368 0 75_64_0_4099_5_0.2_0_2_75_3
403 -352 400 -96 496 0 76_64_0_4099_5_0.2_0_2_76_3
f 208 256 272 256 32 1.5 0.02
f 400 256 432 256 32 1.5 0.02
f 288 448 320 448 32 1.5 0.02
f 368 256 336 256 32 1.5 0.02
f 464 448 432 448 32 1.5 0.02
f 512 256 480 256 32 1.5 0.02
